357 335 393 405 322 348 340 453 
165 162 163 179 158 129 141 150 
100 118 98 102 88 103 91 106 
153 134 123 115 123 126 104 99 
108 101 117 91 81 97 82 90 
68 75 72 68 56 74 71 64 
28 41 30 29 26 38 26 13 
26 37 31 24 30 25 49 40 
17 20 24 23 13 18 12 14 
29 29 18 32 37 32 29 32 
37 49 37 39 34 20 28 54 
27 36 30 27 31 27 32 34 
34 31 29 33 34 36 34 32 
31 37 26 33 46 37 32 34 
11 12 22 13 26 19 15 13 
24 29 12 8 14 16 11 16 
15 20 12 18 20 13 22 24 
22 22 27 26 28 30 34 17 
23 7 14 18 15 15 14 20 
24 18 10 17 13 16 13 15 
18 13 14 14 18 22 11 26 
22 12 8 14 11 21 10 11 
20 11 14 17 15 11 16 15 
11 13 4 15 13 12 20 9 
7 11 6 10 10 9 7 14 
10 12 10 12 16 7 10 9 
6 9 4 13 8 4 8 8 
18 10 7 8 7 8 5 8 
26 13 13 2 5 5 11 8 
3 10 2 10 6 10 11 11 
9 13 11 13 10 16 11 11 
8 5 8 7 4 2 7 7 
18 16 9 12 20 9 9 14 
9 14 13 10 7 11 6 12 
6 7 10 7 9 13 7 5 
8 9 9 4 9 6 5 5 
4 3 1 1 2 0 2 0 
7 2 10 0 10 4 8 8 
5 6 10 8 8 5 9 8 
3 1 5 4 2 1 5 3 
9 13 7 12 9 6 12 13 
12 8 11 6 3 5 22 7 
13 6 4 4 5 6 14 1 
5 11 6 6 5 3 5 10 
4 1 2 4 2 3 2 5 
5 11 8 13 14 8 8 7 
4 7 4 7 7 3 4 12 
7 5 4 9 5 5 6 5 
3 3 1 3 5 5 2 4 
3 9 2 5 10 1 5 3 
