Case PortfolioRate StockRate
 1       -2.0       2.7
 2        0.5       3.9
 3        1.3       4.5
 4        5.7       6.0
 5       10.4       8.7
 6        3.4       2.7
 7        7.6       3.2
 8        4.1       5.6
 9        5.0       9.2
10        8.5      11.7
11       12.3       6.8
12       16.1      13.0
13       13.2      11.9
14        8.8       8.6
15        7.9       6.1
16        1.1       4.9
17        3.0       1.0
18        4.5       7.2
19        2.7       2.7
20        7.6       7.6

